#doc name topic proportion ...
0	file:/home/wst/GitRepo/eclipse_workspace/mallet/mallet-2.0.7/scripts/../data/docs/doc19.txt	3	0.9983367983367983	4	4.158004158004158E-4	2	4.158004158004158E-4	1	4.158004158004158E-4	0	4.158004158004158E-4	
1	file:/home/wst/GitRepo/eclipse_workspace/mallet/mallet-2.0.7/scripts/../data/docs/doc10.txt	2	0.9929203539823009	4	0.001769911504424779	3	0.001769911504424779	1	0.001769911504424779	0	0.001769911504424779	
2	file:/home/wst/GitRepo/eclipse_workspace/mallet/mallet-2.0.7/scripts/../data/docs/doc13.txt	1	0.9993655828707375	4	1.5860428231562253E-4	3	1.5860428231562253E-4	2	1.5860428231562253E-4	0	1.5860428231562253E-4	
3	file:/home/wst/GitRepo/eclipse_workspace/mallet/mallet-2.0.7/scripts/../data/docs/doc18.txt	3	0.9933884297520661	4	0.0016528925619834713	2	0.0016528925619834713	1	0.0016528925619834713	0	0.0016528925619834713	
4	file:/home/wst/GitRepo/eclipse_workspace/mallet/mallet-2.0.7/scripts/../data/docs/doc8.txt	2	0.9393103448275861	4	0.04275862068965517	0	0.01517241379310345	3	0.0013793103448275863	1	0.0013793103448275863	
5	file:/home/wst/GitRepo/eclipse_workspace/mallet/mallet-2.0.7/scripts/../data/docs/doc15.txt	0	0.9987321711568939	4	3.169572107765452E-4	3	3.169572107765452E-4	2	3.169572107765452E-4	1	3.169572107765452E-4	
6	file:/home/wst/GitRepo/eclipse_workspace/mallet/mallet-2.0.7/scripts/../data/docs/doc16.txt	0	0.8133333333333332	3	0.14666666666666667	4	0.013333333333333334	2	0.013333333333333334	1	0.013333333333333334	
7	file:/home/wst/GitRepo/eclipse_workspace/mallet/mallet-2.0.7/scripts/../data/docs/doc11.txt	2	0.9972125435540069	4	6.968641114982578E-4	3	6.968641114982578E-4	1	6.968641114982578E-4	0	6.968641114982578E-4	
8	file:/home/wst/GitRepo/eclipse_workspace/mallet/mallet-2.0.7/scripts/../data/docs/doc4.txt	1	0.5658536585365853	3	0.19999999999999998	2	0.12682926829268293	4	0.10243902439024391	0	0.004878048780487805	
9	file:/home/wst/GitRepo/eclipse_workspace/mallet/mallet-2.0.7/scripts/../data/docs/doc5.txt	1	0.5203463203463203	3	0.2	2	0.17835497835497838	4	0.10043290043290043	0	8.658008658008658E-4	
10	file:/home/wst/GitRepo/eclipse_workspace/mallet/mallet-2.0.7/scripts/../data/docs/doc17.txt	2	0.7975103734439833	3	0.2	4	8.298755186721993E-4	1	8.298755186721993E-4	0	8.298755186721993E-4	
11	file:/home/wst/GitRepo/eclipse_workspace/mallet/mallet-2.0.7/scripts/../data/docs/doc7.txt	2	0.8615384615384615	0	0.0923076923076923	4	0.015384615384615385	3	0.015384615384615385	1	0.015384615384615385	
12	file:/home/wst/GitRepo/eclipse_workspace/mallet/mallet-2.0.7/scripts/../data/docs/doc9.txt	2	0.968	4	0.008	3	0.008	1	0.008	0	0.008	
13	file:/home/wst/GitRepo/eclipse_workspace/mallet/mallet-2.0.7/scripts/../data/docs/doc14.txt	0	0.9813953488372094	4	0.004651162790697674	3	0.004651162790697674	2	0.004651162790697674	1	0.004651162790697674	
14	file:/home/wst/GitRepo/eclipse_workspace/mallet/mallet-2.0.7/scripts/../data/docs/doc3.txt	4	0.9984877126654065	3	3.780718336483932E-4	2	3.780718336483932E-4	1	3.780718336483932E-4	0	3.780718336483932E-4	
15	file:/home/wst/GitRepo/eclipse_workspace/mallet/mallet-2.0.7/scripts/../data/docs/doc2.txt	4	0.9836734693877551	3	0.004081632653061225	2	0.004081632653061225	1	0.004081632653061225	0	0.004081632653061225	
16	file:/home/wst/GitRepo/eclipse_workspace/mallet/mallet-2.0.7/scripts/../data/docs/doc1.txt	4	0.9933884297520661	3	0.0016528925619834713	2	0.0016528925619834713	1	0.0016528925619834713	0	0.0016528925619834713	
17	file:/home/wst/GitRepo/eclipse_workspace/mallet/mallet-2.0.7/scripts/../data/docs/doc12.txt	1	0.9783783783783785	4	0.005405405405405406	3	0.005405405405405406	2	0.005405405405405406	0	0.005405405405405406	
18	file:/home/wst/GitRepo/eclipse_workspace/mallet/mallet-2.0.7/scripts/../data/docs/doc20.txt	3	0.999791720906014	4	5.206977349648529E-5	2	5.206977349648529E-5	1	5.206977349648529E-5	0	5.206977349648529E-5	
