1
2
3
4
5
6
7
8
9
10
11
12
13
14
15
17
2185
16
2184
19
18
2186
21
20
2188
23
22
25
24
2179
27
2178
26
29
2181
28
2180
31
2183
30
2182
33
42
43
46
47
44
45
50
49
48
53
52
68
69
70
64
65
66
67
89
110
111
108
109
107
119
118
117
116
115
114
113
112
127
126
125
124
123
122
121
120
137
2065
136
139
138
141
2068
140
143
142
129
128
131
130
133
2077
2076
132
135
2079
134
2078
152
153
2052
157
2053
158
2054
2055
2056
144
2057
145
2058
146
2059
147
2060
149
2061
2062
150
151
2063
2099
2098
2097
2096
2103
2102
174
2101
173
172
2100
163
162
2105
2104
186
2082
2083
187
184
2080
185
2081
2086
190
2087
191
188
2084
189
2085
178
179
2088
182
2094
2095
183
181
2093
205
2133
2132
2135
207
2134
206
201
2129
200
2128
2131
2130
197
2140
199
2143
2142
2137
193
192
2136
195
2139
194
220
221
222
223
216
217
218
219
2124
212
213
2125
2126
214
2127
215
208
209
210
2122
211
2123
239
238
237
236
234
229
228
225
224
250
251
248
249
246
247
244
245
243
275
274
279
278
277
276
282
281
280
284
266
293
294
295
296
297
326
327
324
325
332
333
330
331
328
329
381
383
382
358
359
410
411
408
409
414
412
413
402
403
400
401
406
407
404
395
394
393
392
399
398
397
396
445
446
438
439
417
416
419
420
423
422
459
458
508
509
510
511
507
493
492
494
489
488
491
490
485
484
487
486
483
482
575
573
572
571
570
569
568
517
518
519
512
514
515
526
527
533
532
535
534
529
528
531
530
540
537
536
539
538
614
615
612
613
618
619
616
617
622
627
626
625
624
629
628
635
639
638
637
576
578
591
593
592
595
594
597
596
605
604
606
687
685
684
683
680
679
678
676
675
674
673
672
702
703
701
690
688
689
653
652
655
654
649
648
651
650
645
644
647
646
641
640
643
642
668
669
670
671
664
665
666
667
660
661
662
663
656
657
658
659
745
744
750
739
738
737
736
743
742
741
740
762
763
760
761
766
767
764
765
755
752
758
759
756
757
715
717
716
719
718
704
730
731
732
733
734
735
720
722
821
820
823
822
817
816
819
818
825
827
826
805
806
800
812
813
814
815
811
791
790
789
788
786
785
784
799
797
796
795
794
793
792
774
775
772
773
770
771
768
769
783
780
781
778
779
776
777
881
880
883
882
893
894
864
876
877
878
879
851
850
849
848
855
853
852
859
856
863
862
861
839
842
843
840
841
846
847
844
845
956
957
958
959
952
953
954
955
948
949
950
951
944
945
946
947
926
927
924
925
922
920
921
908
907
906
905
904
903
902
901
900
899
898
897
896
1016
1018
1021
1022
1023
1009
1013
1014
1015
1001
1000
1003
1002
1005
1004
1007
1006
993
992
995
994
997
996
999
986
987
985
990
991
988
989
979
977
980
962
961
960
1100
1101
1102
1103
1097
1098
1099
1093
1117
1116
1119
1118
1113
1112
1115
1114
1109
1108
1111
1105
1104
1107
1106
1134
1135
1132
1133
1130
1131
1128
1129
1126
1127
1124
1125
1122
1123
1120
1121
1147
1146
1145
1144
1143
1140
1139
1138
1137
1032
1033
1034
1035
1036
1037
1038
1039
1024
1025
1026
1027
1028
1029
1030
1031
1053
1055
1054
1041
1040
1043
1042
1064
1071
1058
1059
1056
1057
1062
1063
1060
1061
1072
1221
1220
1217
1219
1218
1231
1230
1237
1238
1239
1240
1241
1242
1263
1262
1261
1260
1268
1266
1267
1264
1265
1278
1279
1277
1167
1166
1168
1169
1170
1171
1172
1173
1174
1175
1191
1190
1189
1188
1195
1194
1193
1192
1197
1196
1207
1205
1210
1211
1208
1209
1214
1212
1213
1375
1374
1373
1372
1371
1370
1369
1368
1367
1366
1346
1344
1345
1405
1404
1407
1406
1403
1376
1377
1378
1307
1306
1305
1304
1311
1310
1309
1308
1298
1297
1296
1291
1294
1295
1292
1293
1282
1280
1281
1336
1339
1338
1341
1340
1343
1342
1329
1328
1331
1330
1333
1332
1335
1334
1324
1325
1326
1327
1312
1313
1315
1494
1495
1492
1490
1491
1488
1489
1500
1501
1487
1486
1485
1484
1483
1482
1481
1480
1524
1521
1522
1523
1534
1535
1516
1515
1434
1435
1432
1433
1438
1439
1436
1437
1409
1415
1414
1419
1418
1417
1416
1422
1421
1420
1456
1457
1458
1459
1460
1461
1462
1463
1464
1465
1466
1467
1468
1469
1470
1441
1440
1443
1442
1445
1444
1453
1455
1454
1642
1643
1640
1641
1646
1647
1644
1645
1634
1635
1632
1633
1638
1639
1636
1637
1659
1658
1657
1656
1661
1660
1651
1655
1654
1653
1652
1609
1600
1601
1603
1604
1625
1624
1629
1631
1630
1619
1618
1621
1620
1623
1622
1578
1579
1576
1577
1599
1598
1597
1596
1591
1590
1589
1588
1587
1586
1585
1540
1536
1538
1762
1761
1775
1778
1779
1776
1777
1783
1780
1786
1784
1785
1735
1737
1736
1739
1738
1757
1758
1702
1701
1700
1699
1698
1697
1696
1707
1705
1704
1669
1668
1671
1670
1665
1667
1666
1679
1673
1674
1687
1680
1681
1682
1683
1692
1693
1694
1695
1688
1689
1690
1691
1919
1905
1904
1907
1906
1909
1908
1910
1896
1897
1898
1899
1900
1901
1902
1903
1888
1889
1890
1891
1892
1893
1894
1895
1883
1882
1887
1886
1885
1884
1872
1876
1867
1864
1865
1868
1858
1859
1856
1857
1862
1863
1860
1861
1853
1852
1855
1854
1849
1848
1851
1850
1845
1844
1847
1846
1843
1842
1832
1833
1835
1828
1829
1830
1831
1824
1825
1826
1827
1810
1809
1808
1806
1807
1804
1805
1796
1797
1795
2018
2002
2000
2006
2007
2004
2005
2011
2008
2009
2012
1987
1986
1985
1984
1991
1990
1989
1988
1994
1992
1972
1974
1968
1982
1983
1957
1956
1959
1958
1965
1964
1967
1966
1961
1960
1963
1962
1942
1943
1940
1941
1938
1939
1936
1937
1948
1947
1944
1945
1927
1926
1925
1924
1923
1922
1921
1920
1935
1934
1933
1932
1931
1930
1929
1928
