43520:39097,33209,29130,20675,25523,1565,62775,23322,16033,33033,30639,51220,19887,51943,29064
2562:60711,48547,28799,23506,65812,47480,5733,49542,60331,9125,64680,9831,5524,10180,63040,66200,21960,15636,31773,35011,38243,333,7061,12711,62240
72196:12755,31549,24341,58986,63213,18601,59361,40125,2964,37185,18536,35817,55237,57139,6594,49993,1689
28166:65992,37775,8969,21516,36937,54310,32984,31319,57785,33398,48766,25255,4772,22110,47058,11737,3175,64082,6248
81927:51423,66042,59817,37404,47578,51331,20428,37579,14476,36619,26897,28408,47770,61519,34019,49965,4144,618
36872:8590,42336,63849,65480,27055,35253,63894,45292,22493,38057,41478,30684,59776,30894,39625,51064,16531,39750,3129,27650,62056,5806,31263
102487:40544,16901,37938,7436,6529,2329,53984,60440,44826,11360,2416,19646,32068,24958,44707,17956
86540:44994,53490,45809,10120,20956,30880,61210,48997,37736,60312,32552,56253,50210,31146,44484,23016,49241,10287,61654,47613,27380,6941,58349,59148,9609,12929,16715,21184,27809
121358:12820,14217,20855,64151,24572,6856,29542,34406,12518,4912,45997,19012,45713,47860,23194
31759:18807,48591,42880,34388,59499,392,54657,18593,41962,22260,35975,46295,9270,44394,44848,42155,38629
11730:62277,63027,31620,28516,31807,4239,10352,48257,39237,44907,9137,35815,19208,51177,55537,38616
110611:45808,9697,14808,59192,27360,19713,35237,14083,51873,4674,18235,28719,32104,28856,41005,49708,6129,30552,55053,23013
9646:1735,17397,9906,40779,14796,14579,16629,63329,1813,49209,21496,26481,57714,59487,2182,61982,57166,10707,49904
36758:12722,24054,54345,13512,63592,25666,13838,24413,53041,59077,48127,58871,59058,1012,938,62468,1933,13205,39079,2130,32825,42271
81431:5464,23837,59266,27106,50455,17580,40073,10701,15510,65545,60779,7308,15379,11446,59953,426,32690,30606,56757
116248:10052,22011,38838,46466,35007,61871,10063,49456,11420,51487,31320,58443,11726,55470,46488,44322,4850,5990
76313:44321,12739,24097,2670,44024,22648,36800,28611,42789,64516,15790,65227,5601,55424,48353,3311,47144,23215,9663
98330:38086,28713,60805,35147,20573,42717,24397,25280,9730,5961,19937,28019,40763,31169,62770,22334,38044,55090
108028:4480,37797,21468,15141,21300,11909,63090,17529,4010,53885,11222,33255,39298,60070,44275,4474,51367,44764,7216,46406,17410
97820:16117,44807,18222,61782,1974,61569,27870,24624,62452,16945,43955,47729,954,21638,50692,7724,3997
64029:38492,28194,19414,8211,19386,49576,40503,50006,4564,40763,57530,7997,30539,35655,47483
62140:49023,56180,5350,40905,52316,4051,18280,27257,38819,56525,53579,56602,43867,6221,11796,49187,15750,19043,14509
15391:65369,6120,54005,56631,58855,5652,40544,61733,52485,19232,6258,38739,61762,57995,35476,60568,56235,55822,2868,58344,52440,37737,6296,52865
72203:20881,14492,53191,27174,43262,39446,54877,29818,55745,33692,65261,25214,63279,19036,60225,15938,58348,34491,65442,21074,34972
73249:49166,4605,37781,54345,29201,58813,46990,39752,4832,15777,19553,52184,17278,9883,54667,9579,842,37119
111506:43636,52827,198,42716,48664,60889,3982,31865,33181,28711,35302,31171,38389,19196,16357,19013,14470
63525:61762,15227,48999,62609,36656,33662,22225,55520,45561,12637,11293,25491,31152,45445,27839,6236,47730,8348,66124,28556
1713:4082,65029,14680,25206,32122,37691,24150,39009,4360,62925,53034,3903,28085,4835,50304
110086:6353,59472,23857,38264,30284,31059,42347,61572,8663,19960,18164,24831,47745,16410,18207,45533,47988,54064,29677,4769
18475:38036,48564,1012,9932,7466,11868,18932,43535,58413,47269,5170,13121,44826,50457,2329,40544,62146,17956,60440
97837:37217,13472,39495,58122,12298,53394,6370,29899,51584,63788,6595,2833,1382,23114,15376,1146,37221
84573:11416,32137,11519,65080,25753,63736,14123,53106,60524,40949,63329,22484,41488,53507,15127,31560,34653,64489
127024:29519,31580,35852,42870,30159,32798,31437,7589,17588,23462,12441,16964,32809,14338,17067,62078,6030,37907
91698:17024,17046,25000,783,49309,6197,14294,54824,59724,9487,45443,488,45026,31607,25962,64934,57755,5662,27135
24627:46876,26169,63224,40748,59332,13717,1598,3393,40376,53229,50777,34093,17100,14248,16714
32309:10503,32972,2138,16762,59975,10537,15425,28359,47222,45411,65691,26913,58901,11984,25550,18768,43995,58193,42248,46150
42038:25057,56789,8264,19895,1593,41931,59559,7926,29953,57046,19781,46401,62238,37969,36737,42260,34231,63952,53473,63848,52852
78563:28786,5548,1560,58244,58769,11201,20778,47065,54755,8510,866,24437,35007,41956,34356,61002,2805,18575
10572:61031,16261,1606,52953,56566,15799,8251,55510,62866,25605,53566,26155,16346,4113,59957,29996,41505,63687
85843:2406,44624,28578,29590,3541,66294,23353,52890,12104,63347,64642,5450,14291,22626,1828,57261,4655,32682,10013,31963
39483:11750,7817,63401,56799,54489,9994,42419,47416,46219,24666,4094,19855,42584,58828,16683,63711,9456,52943,12518,4224,7872,43894
59453:59768,34500,24243,50739,5018,37376,3008,15428,41841,955,38518,8591,21319,41680,21840,32407,21881
109630:28719,26759,2668,46426,20144,45459,28175,35432,4197,1993,41744,37809,63436,52014,64543,33636,22187
68900:19775,59109,56064,38614,37764,27360,48880,31882,51283,58433,48473,56245,139,22445,57722,10060,1253,41768
99936:65805,44545,32508,39052,43195,22510,30286,15521,12617,17856,48814,38616,53142,23495,20116,52326,32857,4310,65754,47968,30237
45634:35011,50960,49163,13365,47480,23995,3486,57845,10180,18945,15636,44776,66060,36689,20139
91203:40551,60103,25083,56871,3618,53506,11135,47144,9863,36678,24362,27627,62484,14291,3420,53058,30811,30841,33656,61627
85572:31674,33255,124,14666,14332,47396,36545,976,30713,14896,4406,47360,9644,54145,38277,64314,48146,50575,20221
46661:52173,6976,63280,60688,51390,16698,5921,5889,40327,17120,51134,33348,11630,32361,27774,58582,15829,47991,13660,11658,48575,8973,10292,6634
34375:46899,31982,18474,39447,34399,46639,45533,2365,31475,38087,63034,1876,25113,51012,34269,30610,21022,40128,23982,48723,12570,26194,54725
48662:9875,47337,64312,46366,20872,33619,50993,19486,63027,15210,22914,64067,9092,45831,2268,12681
120394:43263,44978,6353,13338,19408,28893,22628,60339,59141,26530,31291,10770,47058,7315,47248
34379:36194,21617,478,31920,58264,8255,51029,46081,26186,27472,30146,66007,61059,16880,14681,65740,65385
102476:39237,64569,33005,32798,23462,28183,22378,43463,21498,19897,19208,65593,3638,63236,49773,12003
53837:48718,60805,58555,16574,47604,21156,57398,38518,11173,50726,44085,52762,57266,62271,62225,43819,51889
55802:29346,42348,1036,17829,2602,34880,11454,9559,3293,55377,25805,62561,21070,5188,28421,53947,24753,14213,29817,48413
77392:16714,46962,43878,48078,39849,30802,30894,24586,44135,447,57198,50994,61998,65930,7290,33923,4089,46126,16689,15267,34634,39316
4708:37415,3934,28056,19012,46338,27863,17079,4880,7959,22209,9902,8297,20010,39532,2426,13506,1186,31534,39467
99427:13890,65073,16030,45119,36051,9194,18955,52818,34166,48940,16657,45606,7727,24939,55790
91220:36324,35674,22403,6980,20167,60253,41124,24173,15549,7861,48356,25227,18945,35194,2710,44015,48661
44629:52336,62271,52292,2764,47967,63711,2322,48539,16604,12627,31161,8451,45924,52731,7899,48681,2873,41424
60094:39069,13501,21839,29788,58858,12617,785,30764,49773,29201,537,46176,45462,13755,11135,44328,35503
111191:39900,61313,26937,23998,7219,47181,23215,35018,53761,179,10537,14241,44288,59959,45143,48538,28371,20977
93516:8693,40181,49494,40953,33125,34234,23164,49378,30760,48340,49059,60992,50076,1549,34802,2233,9066
127076:6070,37348,28057,38449,14773,43482,43850,65311,23377,65429,6700,12836,6962,40306,33779,16505,43819,13035,62147,10096
101979:10159,61885,37043,22704,39956,31520,16648,27782,2502,37310,11942,40066,14102,60650,62941,54209,31497,38137,25860
82524:38286,60041,57511,85,26550,14571,6100,1571,61124,15539,11770,29630,61299,55789,13036,64731
22621:5007,47821,9442,30018,19472,16714,12615,39466,22661,53857,37836,2599,35656,57626,13142,34041,44415,15531,63506,63929,21332
44389:48413,33369,16030,41200,23936,7297,36625,6690,48153,13423,46444,29275,24182,46939,28781,49666,59458
99978:1880,14090,27170,4812,55218,10379,22008,31033,18863,53688,23934,6859,8724,38489,4075,26550,12989,46640,23346,60749,8315,6295,32750,52491
22544:33647,1739,60625,31697,39513,62401,16763,39873,4655,40874,12673,60968,27930,26550,38607,31674,49837
107106:3153,12481,5054,40910,26125,48262,11011,31597,4376,28545,57675,3681,9279,35302,27438,45,10539,61563,2053,61304,14756,7648,7895,10767,3648,2624,56856,29597,23886
54883:46030,14507,19097,34170,7955,19529,21280,19638,43921,43485,29682,16030,66064,6662,66047,30648,51553
59492:56106,57953,43112,30138,46625,16441,55046,33700,52855,46617,36536,42124,6247,44521,20172,12524,64661,12539
82534:55171,9731,44825,40822,21166,44362,31613,37479,38812,8782,54270,49596,23978,20716,31396
94823:49166,63753,55724,60432,1428,62573,8137,60430,29762,15310,37066,5878,39453,15159,21024,10833,58955
76904:35157,54679,16763,64690,15630,58684,45243,52059,35194,2585,47545,13105,4154,45177,36629,23745
74428:19454,25488,1732,39931,41060,20874,5887,4014,40855,11276,9137,53289,10622,24462,13354,28329,1252,41611,39228,30216
106091:58511,50764,64321,18131,14269,26415,19793,44624,53614,57785,16357,56158,51496,29512,26095,15118,46527,64432
90141:64669,38732,53847,63256,27288,47434,20488,15278,5963,41035,55538,37183,31135,13002,58531
73837:35057,15218,55794,6296,32458,31998,29044,1676,7430,25182,43863,15791,37937,27142,51439,9022,39052,6236
43118:42019,22146,18960,56660,55248,47133,6387,41664,19942,50535,50752,42473,29331,39354,13481,55958,18700
53437:52060,38025,60507,54145,7062,24912,16291,58907,41915,32291,11032,37645,11280,7908,56648,36152
93808:40474,39570,26952,64377,47294,31482,66009,17461,46156,36898,29143,18546,9518,51113,47917,57051,37634,57722,37160,45370,32846,27901
100978:11430,45683,35603,38799,40305,45816,49253,7174,15992,25125,10848,24063,26412,38883,23418,24170,36797,30706,1880,39114,4236,19861,50608
98419:3899,8255,10537,32504,17814,19662,52785,13995,21810,14241,64552,3327,39169,11736,12927,24766,30339,6922
53876:55294,20293,46366,41506,25343,23655,10570,22902,26644,50238,56570,31001,48661,4773,56695,4313
49269:31088,12227,25360,4773,20615,64602,11135,41838,8643,60830,66147,1855,38148,50639,38440,31294,31807
103543:52249,58630,6532,63736,32759,13477,31972,26725,21083,1873,12665,64442,31626,233,38827,52611
16504:7419,60523,50669,21202,63152,59804,26533,42115,39873,29727,53720,26551,38482,52340,52059,63490
70777:63066,63236,24183,55462,1533,12916,7575,2904,3097,11041,35513,60049,28627,60760,57539,65859,23242,43819,15858,14384,8852,22280
108810:47805,27209,23100,9972,64573,60271,44348,30863,19907,37809,52541,26130,44953,37478,26017,39652,52853,7514,4527
97626:10468,39198,44542,39930,32636,47552,14722,2608,63705,50512,12753,36666,23912,25984,44720,9949,58520,60343,8979,22636,12797,50097,61515,12728,23794,21347
19069:10795,29268,25870,37542,33515,33921,59930,37461,60255,50830,64528,39449,53592,58935,26588,44839,33118,5747,28895,51776,23189,30579,55198,21988,41032,23016,15974,14470,5658,26054
90750:32470,30576,30713,10052,54978,23584,34962,45877,36996,32682,9932,21319,58494,30155,60591
55935:63527,65181,27304,41074,34000,56760,28799,10036,50952,30486,25874,9125,333,328,23945,66200,20771,10946,17903
58461:39871,31672,62792,31210,6936,66091,20379,6521,35733,12276,49039,27331,44135,60110,15084,25471,22457,9149,49349
123012:20683,3639,60431,39088,58379,61712,42815,16336,21402,1342,14368,7101,49404,47799,16735,57406
66692:17132,8856,41516,35588,48342,176,1626,2329,12518,13088,19646,39849,64727,13270,34300,37530,45045,44135,57127,5170
92438:1086,44019,11193,55218,54504,44362,13995,38998,63683,36522,45621,57739,41025,40133,27734,50516,26056,27930,50252
85128:60562,31644,51791,36634,65176,39063,55173,45221,50297,21319,19298,20361,64124,32936,26224
43146:58891,42159,47149,53134,60934,55514,57418,59224,24341,37688,42185,60253,11318,63817,38421,26830
69259:20876,13036,4822,49648,35096,58278,48053,6792,56989,54031,26603,65027,26212,56633,60524,20331,5781
19706:66268,29688,54279,38932,26442,2599,63245,19486,25041,55856,52981,45425,16762,47823,15573
98957:53044,16030,10963,4649,1754,62596,48999,30293,11609,43908,28424,18164,42803,15628,2659,33065,31142,30398,33441,13458,8225,33640,54663,12987,42331,17685,53947,31291
24719:6792,43226,59373,8155,23350,36693,37617,4088,60611,35096,53630,37904,955,42334,2327,34163
49808:17473,55397,29122,22603,54123,24000,6854,42435,64218,65155,43906,7433,37598,37477,61139,25357,52326,43660,59677,58539,9025,15472,24930,64965,60950,17423,39425,11034
81553:53004,25826,53044,6148,14259,15885,38949,39228,13481,1997,62252,15332,27734,3899,61574,3481,22178,13159,49384,32077
67399:64487,49353,6814,64101,4773,23894,51846,41761,44204,25343,46028,47159,27627,10654,61320
62847:22075,36907,66076,36095,43650,4214,14160,49307,37415,29713,63627,8788,59451,18402,49163,43103
43669:63192,62835,3563,33817,36942,57931,26763,1782,27270,56296,48232,19640,50688,54514,4189,32642
110742:37291,64320,26341,46166,35242,50623,32667,27106,4279,52709,47097,30862,32636,14848,20138,6208,55472,12030,52318
112915:3304,35948,51472,62943,2882,4535,1220,43939,17262,33491,15290,53040,51616,43759,21360,56848,64925
118424:18590,44921,56500,4965,26763,6476,31446,48038,10964,10322,3702,24130,2158,1275,22317,28773,41581,52237,1191
77467:31936,230,35866,46836,28929,34986,58439,19117,26722,19268,14463,33594,56040,4392,32054,59256
30878:29829,58808,27246,793,13244,13585,65396,18057,36982,64456,6652,22136,49287,18869,38208,16508,28893,62644
5317:26550,30503,12941,29456,38270,47733,32682,9660,55848,42090,50220,54021,55274,23117,25969
108193:52392,42025,18770,19719,43135,15001,50004,19951,63291,52239,47234,39719,65484,63406,8676,42604,63202,23604
111266:8510,19268,31172,22833,55664,48484,955,24958,22519,2677,20945,37857,47104,55157,51611,8389
92836:42401,62066,43386,19268,51160,44570,59029,58413,65875,48007,48230,42830,24413,64062,32134
96198:32480,11118,40518,38415,52340,57157,62814,61583,23764,65460,50738,49419,33201,20693,57421
28838:60860,7105,2383,38600,16648,40925,9883,47090,40345,52643,12963,21881,50373,44812,36507,48253,24437,34841
23925:3693,9091,2493,16545,56956,33044,31015,58226,43267,34739,52766,60163,57959,2527,9386,12341,34144,61794,47494,47058,21755,66260,45207,38264
86185:13683,11559,17137,16567,44162,28516,26095,57547,6623,16030,32065,30552,27650,6933,40755,35014
94378:40816,34305,31037,50535,65027,11477,61363,50610,33302,6129,54758,53398,46323,955,36560,46478,37907,18184,37853,40628
98987:15257,34894,62236,5140,55438,3787,12569,52269,4812,20446,20212,3886,15277,16871,48622,1712
124589:55214,28265,33976,15127,39549,55784,63597,727,14090,22401,27834,59732,9291,1616,61413
64175:40412,34475,9911,45468,27378,37366,38628,47748,7412,65501,40348,48436,56937,28036,50574,58822,37766
78209:34520,61510,63823,60570,51544,47789,60215,59874,1650,46449,5841,7767,39871,30910,37038,10301,44090,59603,55306,61696
33457:64731,36494,50440,27889,61987,65647,59835,22124,47507,4445,12445,20447,65955,26766,60317,15272,48398,62891,26686,65937,64864,33758,53386,64809
69299:17637,36427,20524,280,20298,43750,23474,3659,27824,52318,54803,60269,55302,62082,19174,27892
66740:52996,34981,51219,58969,57000,64151,28441,55839,45822,55803,15483,537,22200,37353,55816,18044,35545
122549:40363,43121,36561,45268,58562,35109,63000,59116,32987,38393,27486,21336,5977,59452,57631,55598,48903,30328,34377
41673:28508,26039,4842,2805,16293,60980,40769,39587,35571,53319,9802,33614,21602,46538,38276,61114,64667
118968:3537,52300,65647,36791,58176,15506,7453,49082,3394,54958,4605,44627,41357,45316,19192,63847,11482,32270,5582,53625,41452,7648,61666,5876,49114,62462,22011
72871:12688,23343,39734,41734,27719,60596,29469,27947,20323,39035,13295,49760,38639,42669,63772,34818,12310
59578:32857,33465,9289,9438,34365,57913,54512,14599,22938,59999,3597,22177,50541,35886,52977
69663:28206,25903,23115,34964,14364,21654,50177,47677,33460,49680,12924,12091,24005,59267,9125,64064
69308:18826,54132,51196,5375,26310,4595,15425,56081,8548,54351,13275,37530,7738,5203,37361,26606,61002
12989:62820,17080,59271,20810,11924,12596,3947,18140,39815,45675,15457,12739,28631,12866,11001,45614,19866
83646:49661,21476,31560,34166,53761,52943,35583,60677,9005,12348,18750,21413,59985,44362,32522,49582,42191,46081,65806,13418
16245:14242,24432,8029,16055,12221,21786,12677,17192,62861,7307,35039,2355,52284,44673,20258,13002
67777:33175,10537,63444,7853,39314,56264,36249,53521,46414,54268,18611,1501,5555,9864,17634
97987:20814,53135,10626,38133,36528,54838,16604,15236,59421,26721,25094,19188,34581,37969,31689
21701:39766,55673,61272,9527,50004,8355,59904,28475,44653,59005,60860,63028,18680,19089,41514,14998,19486
85967:60171,61229,49010,57518,51200,1570,67,57180,8628,44521,21339,16781,52731,44783,18458,7354,46825,64892
5320:65401,27429,12104,49357,19036,60218,39348,6773,64733,8767,11660,61852,15542,54402,34382,28162,32893
65737:17102,30200,60376,32699,6720,17536,10529,7354,38985,50929,26442,54732,50489,6545,61407,12817,22648,64657
83444:24804,50966,19694,6567,38027,60809,25826,26445,46300,10974,11420,20648,39234,52646,4301,2688,50675,15702
99022:8471,8225,17187,52881,49078,13003,10497,4061,43984,44838,10500,53869,33425,39985,7793,24067,26655,29142,66089
123597:28139,3375,46244,33868,24502,48681,54345,9730,21008,39489,1749,39863,43803,55071,59,39252,3514,33100,65844
84176:2805,10416,24295,13440,56046,41381,33703,65172,53147,25647,47071,22621,900,41688,19594,2515,31807,16197,44152,7988
37496:64533,10335,7630,1981,11846,27377,29607,45067,44203,25891,50373,48274,27385,15029,62275,35852,48346,31757
29394:57216,65096,61318,64749,27782,58058,42752,30560,48463,61650,11834,31233,24589,10704,29912,35904,36717,10117,12843,38380,17060
96467:61723,63713,20802,4150,12903,44019,12048,61900,60644,62787,18715,47408,562,21433,11775,52214,48889,22216
52948:64569,49773,35997,20316,12043,7025,22771,22260,33615,20907,57931,31549,30357,34501,10803,62037,30868,33110,3903,61608
102094:32998,63562,26358,14602,63908,4378,22519,20307,43005,39790,1989,45358,53698,62964,48015
21718:14509,60235,32612,5741,43660,7559,5896,64188,7051,12694,37314,20371,4626,54613,50064
102521:14166,22496,42646,47655,45910,56006,47426,35015,45921,49222,64089,26306,20342,26157,55103,46005
42201:40267,24028,25831,30677,37789,49362,49789,62660,16882,11170,58994,7354,58153,43083,16540,42691
114906:63942,53436,22031,24350,50561,47612,65931,34522,50372,63209,18622,227,24792,3616,19221,8836
10191:695,43223,18318,10174,37426,49227,64656,48140,18835,65046,23470,52125,1004,5385,10015,32401,6146
65756:23296,13275,12412,43216,49166,42453,29856,28893,54126,2280,19704,25762,30398,26445,31172,27543,16001,4087,106
2269:20460,65634,12303,34962,47190,61395,57631,7065,25774,6661,49185,62633,22484,47744,43030
84621:35874,32483,61466,34506,13358,49152,21373,59756,20932,13159,13914,6020,37517,35007,20544,13270,63425,13481,19950
59105:58075,8158,63141,49229,30440,52131,65202,54442,34403,1238,3617,27494,25047,54905,40630,64267,55707,36835,65507,27727,25005
36578:40437,22306,2710,1377,39610,45492,8307,2764,29349,52965,21166,40863,20074,20051,63165,2966,3101,52098,64032,64105,41647
82659:41863,41603,65536,64847,54378,31584,42679,22600,40728,3945,27362,31468,10729,17001,26889,58813,32496,21197
35558:10470,5687,29519,33289,35852,34691,31437,1895,43087,17588,66184,32798,45498,41650,12469,37907,54503
67303:56035,45189,54748,58433,39651,3847,16801,36267,27816,53818,53173,11148,24360,17527,26742
70888:537,42997,40765,33640,42121,15218,64920,4540,64658,23299,10186,32264,55404,55837,19956,30935,25754,60625,41234,31644
60650:34871,53252,58784,20320,49509,47111,23273,32619,56714,11180,10493,28242,6243,15319,47954,54863,41467
114815:50585,59985,63058,24940,43426,10272,26118,18255,20845,59047,55219,23859,57417,36786,52863,6638
108269:35908,1210,21455,66141,15883,24976,39619,54649,53915,33736,8318,52881,6353,46920,50339,49440,22547
113903:22504,20080,23750,63464,9401,34445,59347,59393,59418,61055,17780,2021,20842,34852,60028,1793,43162,55515,26977,1997,44790,44913,13797,35809,36640,39338,19728
102129:3781,50145,59896,31170,44394,40770,35600,29175,46665,54071,52818,63463,60665,33027,42954,57125,48049,20167,21753,49359,53715
119623:49147,29774,49720,56712,26502,54839,5250,22847,61743,33224,8663,3667,25072,24054,31894,25762,45488,49957,1868,61890
17653:49899,62465,59452,327,25802,52140,6227,52925,20932,55026,23377,10186,26160,23241,19455,12032,8290,9005,23936,24683,6212,17137
52474:8755,8866,50994,50996,34167,32068,56946,56837,11938,19223,54623,27782,12570,56649,19037,2058,32829,55193,56069,50378,33845,9138,43180
111999:8713,35984,36407,30376,57497,31170,42675,59999,39125,4014,48661,535,50145,9317,65161
81149:5906,34143,16350,22988,5562,7459,29200,31800,27607,42062,49816,60420,62926,8080,33140,40323,10709,30864
112382:27270,747,43636,47264,4627,58239,56776,13995,14476,26107,25796,31867,23982,11347,63661,39345,52966,38547,4027
83711:58352,50904,57256,47467,28422,65884,13726,45229,37900,1607,32432,34085,7815,7395,20404,50894
125184:65146,5426,23318,53520,57327,27437,40475,31811,48894,59963,30115,7602,45146,61263,13277,41038
48386:11833,22130,9956,32220,60849,24098,54552,19765,14661,43262,27959,45525,65720,43885,35964,5652,11663,13748,28475,33348,4705,3164,60223,16050,36648
112899:48016,25340,16763,10077,35817,57418,15688,34528,10244,65148,24341,52135,34589,58970,61985,15630,41683,12755,8347,6594,37110,30175
101124:41129,57903,52712,34189,36927,65976,54707,2114,38376,53601,48919,25813,51763,27146,26684,44381,14290
82694:31873,29266,41059,19045,54153,44946,51746,54762,59308,36602,42231,5179,35972,3144,41779,4585,49254,10743,8252,55942,28234,52767,65929,45434,27967,22886,32430,6530
99201:45887,57802,35673,51477,33590,23979,45915,47962,18238,34055,40083,22597,52422,51005,25015,45738
18698:24782,28516,26913,36705,59607,57981,65172,13506,26442,33823,21531,20002,47860,38086,39079
6414:1027,39186,13953,61906,40567,38070,44334,7831,39702,19590,35770,13000,9594,62906,54580,28779,58687,25264,43589,37451
85037:28421,1632,29100,20428,27061,60388,959,11621,32620,15702,60552,52635,13717,20088,44235,29112,28157
64272:45853,16897,61192,37272,57769,24397,23034,31048,10977,48737,3286,28444,10484,31497,29774,5911,15511,61829,14206,42999,59909,668,54838
88851:17460,2585,44162,28783,11438,37158,33880,54603,40289,12648,18315,5158,55039,3150,65148,52059,13105
60692:59258,6975,3503,28968,22543,62561,55211,30910,4290,14212,52413,53571,50686,48523,57076,63315
118037:3979,38375,63559,22597,6529,59765,49779,141,42206,10589,24350,36169,7084,35915,21530
124694:65777,34362,28408,46655,4151,3771,50226,5319,55340,4867,60711,20010,54685,43269,21977,50993,11721,22785,32826,63624
107289:28821,30917,9354,30721,20398,48573,54721,19519,47103,2533,58812,44463,37827,22295,597,33508,61382,59793,1679
1818:21896,56714,56844,55351,46673,36772,13743,14412,2417,7506,21163,43603,15169,64997,12510,32880,58609,18760,60984,44963
35119:65509,63577,53545,14363,12640,59829,9722,48015,2599,43648,6689,23859,56363,57801,40236,45244,39790
64798:27246,51861,41019,61303,6652,47210,64456,50287,9570,16438,57660,60350,59700,56249,22136,12674,36786,6791
61061:43871,13779,40534,33376,50284,61882,50503,45363,9740,35178,34848,63254,45017,37574,43657,5249,4199,4841
5829:52209,961,31711,55719,6380,34332,49407,49888,22416,39899,31129,23144,61181,15017,9100,46010,10901,33497,54378,39814,19335,8978,48569
75554:31260,58297,16052,57371,34124,12519,15678,4781,64110,20135,33019,53004,36771,43250,32808,51181
48420:4673,11636,1019,7359,1178,51470,28956,21900,8463,7638,14776,44989,30092,27685,28518,51590,54512
40229:63672,60881,40229,50138,53947,57099,597,4054,17829,64928,33524,33259,19714,1489,23462,45648,10239,38559,17071,65930
99149:36262,1231,54990,9047,65479,5415,3503,44132,55868,11470,60136,10567,48159,64296,61353,23480,24921,4949,22058,27252,23377
107474:35509,2989,43034,45230,6523,17360,45995,24317,51227,4798,46473,19468,10549,64954,35326,13597,5563
52742:14095,52818,56651,27594,64569,17380,46984,48553,19692,23446,44394,5587,59084,24251,5292,20992
11563:31278,15161,1194,55746,64548,65425,1671,12512,28300,26462,17190,50756,29059,19669,57517
78125:44162,10052,61255,11144,29232,31017,28321,60242,63565,22341,25313,23596,33326,22519,14326,19552
49967:58645,8856,59484,38558,23107,1827,17946,21930,65857,21674,20012,23655,33563,6936,38175,21144,48587
56968:13277,39996,48161,55627,25696,43861,15995,51120,38030,3346,33681,44428,44441,63422,53978,47610,60952,11098
98867:38236,61723,28977,34581,20792,38725,55851,327,49600,50064,42367,60138,10819,65066,11923,12718,62915
79156:49906,1525,48298,38020,6529,63142,55230,62751,17921,37683,47838,53696,18454,57299,62905,45787,56692,17357,7251,33310,53759,46456
83974:3389,36185,1703,27794,28281,44596,1562,41299,27563,26301,30212,44593,4283,16931,56833,54937,61979,2285,59233,24656,3121,6230,32088,23427
126121:24175,52118,54786,4492,55829,38598,62984,1049,45172,20334,1649,62976,15818,11785,14241,11404,2811
4922:60171,28223,29367,25068,53144,59410,1252,23393,57850,26183,45358,34999,2495,47812,64661
111419:28655,39970,48191,47967,60391,58647,9596,38051,3646,43722,58592,25669,44135,4627,21723,48518,14517
55613:23504,61571,6756,37778,47773,3518,12406,53249,54142,30182,45185,53198,56137,13259,56651,18234,28516,9622,39089
114495:26418,36739,1798,31980,33534,44023,54101,41843,51484,34063,2259,56701,3764,32742,53867,31540,2831,57107,13130,11021
78656:15645,17815,34539,23772,40874,28475,32857,55327,62042,9137,32179,54126,28259,11261,12873,30282,50556
46816:16173,10541,23641,64555,20759,2322,29774,45341,20988,44826,51489,41853,20873,4268,62286,20229,45877,10537,51795,57932,59841,3148
106821:59442,53995,17476,39048,1026,55598,46348,19050,8726,19249,28046,20673,6783,61340,49393,28902,53358,20382,33534,25408,38487,31632,54332,51484,37039,18035,44024,9042
58081:64430,15210,9429,37885,56391,23709,58302,9042,14350,17866,23462,28183,6254,12549,47645,64552,54311,23205,49166
4427:44613,53832,12820,52984,40244,14469,10894,64074,59516,45046,60166,53862,54666,11802,29737,18177,16039,41285,29554,10722,38928
38732:44856,65629,43016,12167,56252,32235,24827,32857,25774,60947,58305,16388,33984,15504,52400,5628,38952,64537
109026:5553,62333,17937,2861,20742,51931,38381,63468,59443,6210,60843,24385,35272,25520,59076,33983,65823,4300,47988,49846
39769:12637,58061,12768,17248,391,53855,29142,56252,41510,618,46943,60570,4415,28735,65514,6623,1660,43393,53761,33214,58278,12927
117645:59769,28643,38838,24871,18148,12773,15571,17560,29339,64396,60518,29201,55514,41933,25419,52830,33774
97105:59178,11353,35753,2063,10599,4302,50447,20832,29683,11975,27687,26002,35030,56841,17902,24910,18069,37086,12406
75235:18844,13119,33369,53715,57018,15627,36163,31204,24319,30910,37969,54108,6658,57940,10050,53984,34849,51422
75092:65930,1590,54311,55598,47106,16129,60448,20873,19755,28348,40533,34066,32097,33455,42552,50513,23056
52025:5864,58058,12711,15358,21059,1489,14903,9972,61139,45423,32340,18050,45459,48413,51196,19286,12302,61829,10211,23079,7607
117592:57086,59488,38423,64468,45751,11157,11202,8237,5973,23551,13205,826,35518,600,17367,36276,29667
94377:40816,34305,31037,50535,65027,11477,61363,50610,33302,6129,54758,53398,46323,955,36560,46478,37907,18184,37853,40628
1882:33153,19143,45205,57387,12982,55849,13335,26986,11978,102,32027,38934,49951,62788,15855,43110,13966,31004,39157,58855,5972,18221,45529
4154:39426,59088,54409,1108,64019,60746,2710,896,1372,10349,46948,43393,20070,3546,36649
82460:63627,17828,46372,40212,21871,61574,9024,26631,45412,54637,18935,36427,50516,17724,54611,43549,64131,50004,21143,60572,12440,2966,4988
111456:65762,9964,37030,17285,12825,64076,35981,40390,6822,49665,31302,13594,31159,16592,61275,15732
102029:65484,9380,27246,20952,14808,35014,7382,12449,46323,58309,5280,32841,47087,57916,36840,20167,56064,53715
16614:25535,57319,58898,41488,44790,54739,30511,25438,27337,15341,11503,53549,60295,46962,61139,44893
59239:27318,48416,41033,3274,62833,25632,17829,28037,42411,49610,61986,66157,35473,62648,42723,45006,46854,42058,19351,6963,19946,34282,9821,21689,17826
60776:48903,35057,54278,32458,39052,6296,25182,31998,4108,21650,636,1460,36903,8756,29044,7430,15218,6236,37357,61514,9024
68969:24572,40998,7515,34720,42299,26062,51844,16153,51174,44802,46208,33647,64150,31446,39873,54679,271
64874:20873,10293,49993,50006,57731,16362,7686,61290,9850,34906,54021,28793,60673,18362,38965,34166,756
89319:36320,58080,11041,53177,36024,42374,20501,57863,31279,26918,4568,6156,23239,32902,41309,8009
55661:38821,9927,6652,15309,8466,17503,63056,1025,12238,41664,17826,24786,5579,15435,58829
53614:12648,13412,44109,9112,29825,62493,26770,14106,55581,21810,44463,34019,43223,41602,56525
28527:64181,55262,65272,57931,42028,45830,45986,18646,25834,50824,43966,13742,401,57072,17229,21978,53943,35064
57200:26405,54065,13029,17126,43420,34345,66056,60012,22917,11649,49738,47117,52075,56415,18944,29468,7995
13169:20197,8374,41544,2963,32693,39796,35622,3661,12656,47888,23564,58953,59237,48812,58026,49948
124275:7024,2806,33969,60357,5578,56693,64343,36705,31483,8407,25312,8806,55376,36545,27727,26998,60825
107893:23566,59965,35914,42057,38864,28981,11021,21888,19796,13829,31498,6797,50247,37721,61926,60961
73590:2965,45606,16117,29341,65897,61900,49993,23709,49847,345,46341,5098,9194,27930,29219,35940,26965,11479,47803,29474,14097,25718
99706:15719,28465,38393,58511,60746,31857,60648,9313,59553,2873,41018,15394,11559,39400,45119,6623
105852:9599,19596,65469,35062,61003,17751,50122,51304,1285,12963,48999,12478,45309,61264,48272,26306,2817,4852,4627,51047,2224
96637:9137,29940,18962,44942,22998,60430,36304,4415,54310,50338,27117,53631,25098,16090,45607,39339,11282,64765
35710:3988,6120,62271,58065,39335,56656,24469,11604,63664,54345,14063,50006,29284,20747,15426,7988,8053,55953,40236
73877:28444,25696,54151,65788,56320,25961,8211,40763,19414,30867,49649,10231,38492,30561,32035,60007
92026:59275,54039,10961,14279,42089,19269,8916,20413,42797,46295,34224,474,5660,62800,22015,10016,51652
30081:20306,62086,65176,24703,33963,48781,12024,44218,13540,51609,61538,44752,13530,20527,33432,24202
114562:64943,8758,54365,8862,610,27389,39254,63032,53482,33368,34839,15770,57887,24214,33004
85379:39986,61255,3669,45837,56511,10167,46878,11687,32610,53760,47658,34637,18345,49762,31188,19177,34892,17652,49680,16072
29573:20472,54839,28077,59800,5250,49147,1687,48315,60805,30161,29774,12242,23698,3327,31894,8663,45727,29400,5113,20402,56712,46346,20992,24054,35830,61890
120711:43458,31080,38222,24049,65709,55775,34847,23315,18330,24054,50065,62642,61619,23013,42351
44425:37530,28500,57631,11071,19893,45358,9960,3875,31569,34300,32829,9821,64816,17315,64126
20874:64569,529,10150,47058,14852,62223,53217,43497,28717,52707,4525,41270,19274,13678,41761,61870,28393,32462,45735
88973:41465,19943,11735,57812,6363,46110,27117,34189,1287,34269,47068,13576,5268,53217,63158,52333,49934,209,37561,35302
69998:181,2031,7755,686,65748,12768,45411,47169,48903,4773,15396,22603,48661,537,41414,10052,5806,11163,58994,26087,7235,60200
26605:19223,21690,60328,53986,27619,17397,12864,27930,49301,50121,24815,36494,14074,27326,53104,44135,33348,45053,58022,43819,55090
98192:53430,42566,13391,13079,19490,52717,16905,48200,46304,52100,47222,57384,60501,6529,59995,42314,65960,20411
37777:62925,20118,13743,47598,56974,19309,476,64997,25465,64801,61489,24224,48649,27466,44737,20577,4664,30493
97682:36864,47730,22175,1626,52529,54806,47114,24655,38820,31509,19638,14330,14599,49217,64018,20544,284,29395,43794,42617,33924
90606:54145,4928,26836,53298,22255,63013,47408,51160,5857,50202,10498,53948,24094,23318,35241,55574,24445,19073,63791,7749,11974
42390:24958,56712,64903,59058,35927,1933,59029,34038,259,59398,10537,25666,60675,13512,4030,43716
97823:33337,30017,47874,60558,1012,52004,6623,16198,33590,11210,42335,4410,39956,9730,60509,6551,55088,40962,54776,31291,41005,25483
118852:61031,30313,16261,63384,47489,63849,56566,30128,140,62340,7119,66114,18167,17539,3572,22825,37156,52953,62866,5868,59456,59471,60017,55510,18293,51878,43423,53566,48294,20149
50589:40901,62239,15874,63660,36018,17724,6611,62624,33493,11375,37415,6803,52714,11386,41258,9930,60451,7372,18014
123461:58190,3161,35190,41847,23836,43657,19208,58929,13506,28596,9527,15029,5887,10522,50535,1566
108448:24964,55908,47988,35912,29201,215,1610,47277,18028,47974,20343,1591,53298,44790,46282,52848,45086,29577,54029,17010,33149,20905,9963,53265
39330:38559,13614,21654,2322,53198,53506,47770,23768,18460,10792,3001,18483,23504,45545,39079,63444,21558,48015,60805,31785,7442
106651:24962,18483,60705,31807,10333,45984,20771,56895,64760,56900,46661,698,60524,50455,24958
102822:35747,2777,1878,41744,6129,14347,39392,26175,63058,58996,44712,35435,32191,34905,19849,15376
80296:38566,56926,25846,37080,58817,54020,58324,65238,12156,17075,47464,4921,20488,59311,28439,3843,2448
80297:3494,3854,29,9875,47777,14835,31736,61608,32299,35455,17081,11846,31849,2396,27802,6861,65974,10819,64801
32170:48969,37973,48563,41649,64337,63814,62225,62774,41223,35111,47486,41582,40885,59036,43634
115783:29102,11467,57304,40786,35252,25256,26012,23971,50066,3014,5192,12350,18131,25397,21286,12879,32352,7440,7835,753,64278,8214,60810
10670:7342,14006,52086,46509,53536,38018,13312,22474,34658,22380,10675,43359,44993,22078,37688,32843,27612,62700,9046,36319,13672,36291,52135,8859,61456,16585,10823,6098,22434,5856,14619,30868,57931,59879
85425:16901,3982,19432,54385,40529,20602,63421,29032,18963,61519,19146,12935,34166,12348,15396,50483,64639
112562:43481,9761,47730,60144,51219,59142,9885,39237,45358,56804,41650,30076,10934,10708,40695,22519,48091
112566:13451,7985,46423,38086,65310,36648,65509,66023,18339,20575,49283,6295,30268,1924,29928,40423,37792,21074,21027
92088:46868,2552,56382,27736,55583,24794,36800,11966,13736,62661,1884,7065,43356,63592,25925,15189,64432
2036:53883,14778,55090,37136,33709,12549,48162,56120,63817,36072,36942,8959,16281,22570,18472
112572:61492,9642,40137,59232,47337,52004,48903,26136,52014,37974,23215,36009,35703,13130,39998,59765,42309,37530
75509:40236,18351,55171,40771,18235,17866,59278,60626,28828,45744,57058,33479,19748,45932,27466,31894,55923
65984:45608,20261,42748,7735,26389,57518,30296,20582,30282,40014,55332,54279,19208,17829,6509,19036,48515,33409,14617,60499
126403:1544,11472,1394,18667,63800,20325,33941,52818,41858,41311,50440,24933,55635,58610,46818
50628:51491,50726,19949,65707,38036,16901,57299,28856,37938,32068,5170,24753,36818,24770,53921,43535,53984
93126:26376,40948,24216,21502,1199,18574,28114,30709,33735,53732,58455,62376,41187,34741,22481,41989,10404,12450,60608,16274,18915,16545,14672
121885:56436,33448,29387,31867,11155,28754,43277,4698,43535,30348,47498,5631,43066,64392,1058,27084,59462
17353:14908,62595,52967,65299,33369,24220,27345,21063,28524,30721,58710,33414,61843,6004,29764,64852,48940
99786:7424,17436,15528,29099,16871,34894,66093,28754,42956,28166,4223,40638,20446,20212,59044,31272,7117,42408,54504,50105,33451,39050,62236
52172:955,8591,236,62406,46478,38518,53731,10622,51812,97,5018,48519,41223,15179,60572,15752,5086
40866:34903,19434,2472,18558,12642,36710,4760,61206,42874,34035,40642,22325,17803,1446,24561,19449,41632,57984,59281
115662:12649,29538,52491,368,37809,28719,17574,3818,24804,64011,65449,59814,23348,33224,22592,5404,570
76239:36942,3254,14384,54915,19171,42027,32843,44805,31444,27124,32229,3850,6207,5045,42947,58029,51310
114642:49899,59452,44161,59876,23241,12032,27277,27002,51431,23741,9005,21657,14089,58330,52140,59464,22119,22514,8290,28495,19455,10186
59869:56783,41147,29449,66,35493,39531,8355,40096,26862,34664,50419,52707,19843,55458,10987,32597,33412
57812:17067,17588,60624,46398,49091,1126,31437,22395,38545,25749,156,37907,34588,21475,32798,53133,59699
121165:53193,54266,15277,62105,46407,11873,9394,46961,51320,28057,6900,4916,30498,37179,55268,3786,13208
117670:36044,57931,48467,29294,52976,25566,66076,29154,42443,13489,7025,35817,56345,53685,22260,41893,21752,50535,41118
12251:46044,27246,5249,53596,23757,37754,51464,5059,32869,6522,14908,4015,826,44876,22266,60524,35118
29148:25286,5529,23692,14251,55756,32552,48861,55477,37610,56784,20043,20929,15722,58619,3059,38474,4624,10907,7024,43897,17981,41156,41478,47425,43719,59908,53487
71645:29412,6120,29972,60196,14222,35907,54910,18368,4270,6129,35074,37520,45928,13096,59278,46293,18235,48999,49778,26508,6100
14814:65930,19393,14180,13292,48962,34605,20928,39998,46797,803,34841,12277,14518,53032,1518
46047:16043,57406,36968,47681,58536,30241,18518,34995,13784,56759,17881,49803,47341,47532,53560,5170
70155:43023,2045,59875,56020,26411,14235,27920,22889,62967,8162,12599,16206,33589,26997,15863,25625,5622
121826:65930,32783,8320,16978,24431,50906,22861,49469,31041,51422,49815,2773,57209,8182,20683
111659:49505,29913,29406,59966,58020,1478,58579,30514,64470,23802,28610,31886,42233,9862,60113,31952,27289,24043,19203,13819
31717:7065,9932,18932,43535,5170,6529,32068,44707,7436,53984,13121,19646,2329,44826,60440,31152,36818
124902:10296,37483,52244,6657,9642,31835,40544,33665,28122,61611,23655,28581,27105,13159,36075,18235,42821,47313,50855,16011
103911:38252,32056,16932,55331,61544,61144,18674,34993,24329,59140,39159,13711,8385,38312,20892,38495,30148,12799,61091
124905:34522,37291,15628,37037,42792,64616,30552,33402,29907,8093,30448,39057,44424,36417,15110,23847,61083,62229,27980,45915,54212,26759,45808
123883:6405,44983,12980,16516,57697,1427,1526,12348,27385,19500,58509,65342,36633,23263,29277
96236:6623,20342,19298,8538,16541,10264,59804,30552,44135,58954,13277,35734,8497,56895,45358,22361,24187,47451,30684
85997:7435,45825,3111,34140,34269,29915,46904,9346,46356,25487,9129,45551,52088,50775,60793,471,20191
78714:7375,13976,57823,28408,59639,64542,26841,19517,65295,14047,26159,3150,47306,29682,47535,37826,40215
28143:27117,19223,54393,34337,43162,64724,26259,14480,47770,55449,43636,12303,37087,55248,38079
11762:51978,57953,18795,24436,20044,19964,1442,46617,44552,5774,65116,4558,44783,27559,24828,60171,33997,65361,30138,52532,55046,46625,25434,2100,1620
75069:52607,11300,11632,42094,16910,39974,48140,29,30494,7058,20488,25185,52726,31218,65882,11656,32797,16648,63117
109556:16030,26418,16357,39345,1732,8315,23318,28719,30552,31674,41744,60487,6129,34166,37221,31867,33282,27980,13277,31170
105470:20842,25794,25026,61723,65000,40324,19893,21255,63202,11589,30592,52839,41675,59161,11088,36341,7193,46730,34962,42851
30198:44009,38188,43924,45300,7450,62015,38073,7416,13163,4069,25648,2213,7845,48542,56689,7432,39490,64984
119287:42613,38575,27271,40968,4247,12323,8922,272,23866,34032,33100,8044,31813,24844,42948,6870
77305:12924,42782,28580,58248,13327,32407,56159,32514,44238,22774,53956,48766,28074,55449,34058,54186
85498:33722,34845,37309,26735,13277,7441,7973,32653,61292,18598,10626,60675,43894,2769,47018,41113
36348:52697,65618,8082,7647,7637,22203,29776,16838,52404,39371,16343,19346,47769,54309,64349,61038,9458,30304,11065,2333
80298:14740,61571,6986,18896,59416,58495,199,28958,35621,24028,57143,32699,541,24462,45991
38398:63518,22963,4356,53964,55239,5524,61635,3486,41245,57535,39326,60331,12422,33371,43797,8920,47480
